>AGTAAACAAAAAAGAACANN	FOXA1:AR(Forkhead,NR)/LNCAP-AR-ChIP-Seq(GSE27824)/Homer,BestGuess:FOXA1:AR(Forkhead,NR)/LNCAP-AR-ChIP-Seq(GSE27824)/Homer(1.000)	10.603910	-8.019073e+02	0	50000.0,1426.0,863.3,387.0,0.00e+00
0.571	0.008	0.138	0.283
0.343	0.028	0.598	0.031
0.023	0.405	0.001	0.571
0.951	0.047	0.001	0.001
0.977	0.021	0.001	0.001
0.997	0.001	0.001	0.001
0.000999000999000999	0.663336663336663	0.002997002997003	0.332667332667333
0.946	0.003	0.01	0.041
0.498	0.164	0.182	0.156
0.503496503496504	0.163836163836164	0.176823176823177	0.155844155844156
0.509	0.166	0.179	0.146
0.612612612612613	0.107107107107107	0.114114114114114	0.166166166166166
0.672	0.001	0.27	0.057
0.151	0.001	0.778	0.07
0.483	0.153	0.099	0.265
0.968	0.001	0.005	0.026
0.003	0.991	0.005	0.001
0.887	0.001	0.001	0.111
0.254	0.213	0.221	0.312
0.353353353353353	0.0880880880880881	0.234234234234234	0.324324324324324
